file_handler.c:0.000000
file_handler.c:0.000000
